0,781
0,822
0,687
0,686
0,685
0,684
0,683
0,682
0,681
0,680
0,679
0,678
0,677
0,676
0,675
0,674
0,673
0,672
0,671
0,670
0,669
0,668
0,667
0,666
0,665
0,664
0,663
0,662
0,661
0,660
0,659
0,658
0,657
0,656
0,655
0,654
0,653
0,652
0,651
0,650
0,649
0,648
0,647
0,646
0,645
0,644
0,643
0,642
0,641
0,640
0,639
0,638
0,637
0,636
0,635
0,634
0,633
0,632
0,631
0,630
0,629
0,628
0,627
0,626
0,625
0,624
0,623
0,622
0,621
0,620
0,619
0,618
0,617
0,616
0,615
0,614
0,613
0,612
0,611
0,610
0,609
0,608
0,607
0,606
0,605
0,604
0,603
0,602
0,601
0,311
0,310
0,0
0,307
0,306
0,13
0,339
0,11
0,9
101,34
101,33
101,32
101,31
101,30
101,29
101,28
101,27
101,26
101,25
101,24
101,23
101,22
101,21
101,20
101,19
101,18
101,17
101,16
101,15
101,14
101,13
101,12
101,11
101,10
101,9
101,8
101,7
101,6
101,5
101,4
101,3
101,2
101,0
0,483
0,469
0,303
0,482
0,468
0,302
0,821
0,467
0,301
0,806
0,466
0,300
0,481
0,465
0,299
0,480
0,464
0,298
0,804
0,463
0,297
0,805
0,462
0,296
0,803
0,461
0,295
0,479
0,460
0,294
0,478
0,459
0,293
0,477
0,458
0,292
0,802
0,457
0,291
0,801
0,456
0,290
0,453
0,455
0,289
0,800
0,492
0,288
0,820
0,452
0,287
0,476
0,451
0,286
0,454
0,450
0,285
0,449
0,284
0,799
0,447
0,283
0,448
